
float
S: 0 0 0 0 -0.476191 -0 -0 -0.322581 -0.476191 -0.0322581 -0.0238095 -0.322581 -0.476191 -0.0238095 -0.0322581 -0.322581 -0.939199 -0.0435676 -0.0435676 -0.674849 -0.391304 0.00689655 -0.0130435 -0.37931 -0.391304 -0.0130435 0.00689655 -0.37931 -0.687392 -0.00831959 -0.00831959 -0.819022 0 0 0 0 
Pinv: 0 0 0 0 -2.1 -0 -0 -3.1 1.06449 0.0378487 0.00536833 1.47937 1.06449 0.00536833 0.0378487 1.47937 -1.06794 0.0689449 0.0689449 -1.48626 0.608879 -0.0624844 -0.0211076 0.687865 0.608879 -0.0211076 -0.0624844 0.687865 -1.45495 0.0147793 0.0147793 -1.22112 0 0 0 0 
gamma: -0.0476191 0.0645161 -0.0374174 0.0107774 0.0254477 -0.0870977 
OK: linsys setup produced finite S, Pinv, and gamma

double
S: 0 0 0 0 -0.47619 -0 -0 -0.322581 -0.47619 -0.0322581 -0.0238095 -0.322581 -0.47619 -0.0238095 -0.0322581 -0.322581 -0.939199 -0.0435676 -0.0435676 -0.674849 -0.391304 0.00689655 -0.0130435 -0.37931 -0.391304 -0.0130435 0.00689655 -0.37931 -0.687392 -0.00831959 -0.00831959 -0.819022 0 0 0 0 
Pinv: 0 0 0 0 -2.1 -0 -0 -3.1 1.06449 0.0378487 0.00536834 1.47937 1.06449 0.00536834 0.0378487 1.47937 -1.06794 0.0689449 0.0689449 -1.48626 0.608879 -0.0624844 -0.0211076 0.687865 0.608879 -0.0211076 -0.0624844 0.687865 -1.45495 0.0147793 0.0147793 -1.22112 0 0 0 0 
gamma: -0.047619 0.0645161 -0.0374174 0.0107774 0.0254477 -0.0870977 
OK: linsys setup produced finite S, Pinv, and gamma
