
float
S: 0 0 0 0 -0.476191 -0 -0 -0.322581 -0.476191 -0.0322581 -0.0238095 -0.322581 -0.476191 -0.0238095 -0.0322581 -0.322581 -0.939199 -0.0435676 -0.0560676 -1.01343 -0.391304 0.00689655 -0.0130435 -0.37931 -0.391304 -0.0130435 0.00689655 -0.37931 -0.687392 -0.00831959 -0.00415292 -1.21763 0 0 0 0 
Pinv: 0 0 0 0 -2.1 -0 -0 -3.1 1.06518 0.0608564 -0.0095934 0.983385 1.06452 0.00357328 0.0476898 0.984701 -1.06748 0.0458912 0.0590579 -0.989291 0.608373 -0.0397751 -0.00903737 0.307823 0.608173 -0.00701621 -0.0454047 0.307856 -1.45483 0.00994028 0.00496193 -0.8213 0 0 0 0 
gamma: -0.0476191 0.0645161 -0.0374174 0.0107774 0.0254477 -0.0870977 
OK: linsys setup produced finite S, Pinv, and gamma

double
S: 0 0 0 0 -0.47619 -0 -0 -0.322581 -0.47619 -0.0322581 -0.0238095 -0.322581 -0.47619 -0.0238095 -0.0322581 -0.322581 -0.939199 -0.0435676 -0.0560676 -1.01343 -0.391304 0.00689655 -0.0130435 -0.37931 -0.391304 -0.0130435 0.00689655 -0.37931 -0.687392 -0.00831959 -0.00415292 -1.21763 0 0 0 0 
Pinv: 0 0 0 0 -2.1 -0 -0 -3.1 1.06518 0.0608564 -0.00959339 0.983385 1.06452 0.00357329 0.0476898 0.984701 -1.06748 0.0458912 0.0590579 -0.989291 0.608373 -0.0397751 -0.00903737 0.307822 0.608174 -0.00701621 -0.0454047 0.307856 -1.45483 0.00994028 0.00496193 -0.8213 0 0 0 0 
gamma: -0.047619 0.0645161 -0.0374174 0.0107774 0.0254477 -0.0870977 
OK: linsys setup produced finite S, Pinv, and gamma
